964770879
2908936362
3349608615
1258920290
1773553129
2656784679
2562239137
982195189
3923938731
1781231525
892404875
498634975
1492911955
3250184610
961316431
2898907618
1047541559
920864112
2992199337
2804271880
2139937675
740593565
8658240
742057670
1915682337
2408989477
609554996
2056465309
86397454
1900242290
3296351681
3547855022
1051753578
2894304143
632779685
2231196459
3150129452
2370744157
360545443
1965613955
1151010979
3381506838
3167358004
824767806
3547154843
1084187796
874721654
2476461505
1991601198
3963825042
2331662782
514297315
1552666391
2987145553
3187368530
1663390030
3144779317
2321043486
2965686055
3149734573
3593401271
2663490142
1959960101
1587136297
2732312229